8.72000000000000e+002
0.00000000000000e+000
0.00000000000000e+000
0.00000000000000e+000
7.58000000000000e+002
0.00000000000000e+000
0.00000000000000e+000
0.00000000000000e+000
1.68400000000000e+003
0.00000000000000e+000
0.00000000000000e+000
0.00000000000000e+000
1.52800000000000e+003
0.00000000000000e+000
0.00000000000000e+000
0.00000000000000e+000
6.60000000000000e+002
0.00000000000000e+000
0.00000000000000e+000
0.00000000000000e+000
1.68400000000000e+003
0.00000000000000e+000
0.00000000000000e+000
0.00000000000000e+000
1.95200000000000e+003
0.00000000000000e+000
0.00000000000000e+000
0.00000000000000e+000
2.22700000000000e+003
0.00000000000000e+000
0.00000000000000e+000
0.00000000000000e+000
1.47100000000000e+003
0.00000000000000e+000
0.00000000000000e+000
0.00000000000000e+000
2.28700000000000e+003
0.00000000000000e+000
0.00000000000000e+000
0.00000000000000e+000
1.69000000000000e+002
0.00000000000000e+000
0.00000000000000e+000
0.00000000000000e+000
6.60000000000000e+002
0.00000000000000e+000
0.00000000000000e+000
0.00000000000000e+000
1.68400000000000e+003
0.00000000000000e+000
0.00000000000000e+000
0.00000000000000e+000
2.20700000000000e+003
0.00000000000000e+000
0.00000000000000e+000
0.00000000000000e+000
2.22700000000000e+003
0.00000000000000e+000
0.00000000000000e+000
0.00000000000000e+000
8.72000000000000e+002
0.00000000000000e+000
0.00000000000000e+000
0.00000000000000e+000
1.31000000000000e+002
0.00000000000000e+000
0.00000000000000e+000
0.00000000000000e+000
1.86000000000000e+003
0.00000000000000e+000
0.00000000000000e+000
0.00000000000000e+000
2.22700000000000e+003
0.00000000000000e+000
0.00000000000000e+000
0.00000000000000e+000
1.47100000000000e+003
0.00000000000000e+000
0.00000000000000e+000
0.00000000000000e+000
2.50400000000000e+003
0.00000000000000e+000
0.00000000000000e+000
0.00000000000000e+000
7.58000000000000e+002
0.00000000000000e+000
0.00000000000000e+000
0.00000000000000e+000
2.24300000000000e+003
0.00000000000000e+000
0.00000000000000e+000
0.00000000000000e+000
6.60000000000000e+002
0.00000000000000e+000
0.00000000000000e+000
0.00000000000000e+000
1.68400000000000e+003
0.00000000000000e+000
0.00000000000000e+000
0.00000000000000e+000
2.50400000000000e+003
0.00000000000000e+000
0.00000000000000e+000
0.00000000000000e+000
2.20700000000000e+003
0.00000000000000e+000
0.00000000000000e+000
0.00000000000000e+000
2.22700000000000e+003
0.00000000000000e+000
0.00000000000000e+000
0.00000000000000e+000
7.62000000000000e+002
0.00000000000000e+000
0.00000000000000e+000
0.00000000000000e+000
6.60000000000000e+002
0.00000000000000e+000
0.00000000000000e+000
0.00000000000000e+000
1.76900000000000e+003
0.00000000000000e+000
0.00000000000000e+000
0.00000000000000e+000
1.68400000000000e+003
0.00000000000000e+000
0.00000000000000e+000
0.00000000000000e+000
1.02000000000000e+003
0.00000000000000e+000
0.00000000000000e+000
0.00000000000000e+000
2.57600000000000e+003
0.00000000000000e+000
0.00000000000000e+000
0.00000000000000e+000
7.58000000000000e+002
0.00000000000000e+000
0.00000000000000e+000
0.00000000000000e+000
2.22700000000000e+003
0.00000000000000e+000
0.00000000000000e+000
0.00000000000000e+000
1.47100000000000e+003
0.00000000000000e+000
0.00000000000000e+000
0.00000000000000e+000
2.57600000000000e+003
0.00000000000000e+000
0.00000000000000e+000
0.00000000000000e+000
1.93000000000000e+002
0.00000000000000e+000
0.00000000000000e+000
0.00000000000000e+000
1.02000000000000e+003
0.00000000000000e+000
0.00000000000000e+000
0.00000000000000e+000
1.39500000000000e+003
0.00000000000000e+000
0.00000000000000e+000
0.00000000000000e+000
1.39500000000000e+003
0.00000000000000e+000
0.00000000000000e+000
0.00000000000000e+000
2.20700000000000e+003
0.00000000000000e+000
0.00000000000000e+000
0.00000000000000e+000
2.22700000000000e+003
0.00000000000000e+000
0.00000000000000e+000
0.00000000000000e+000
9.28000000000000e+002
0.00000000000000e+000
0.00000000000000e+000
0.00000000000000e+000
8.50000000000000e+002
0.00000000000000e+000
0.00000000000000e+000
0.00000000000000e+000
1.31000000000000e+002
0.00000000000000e+000
0.00000000000000e+000
0.00000000000000e+000
1.68400000000000e+003
0.00000000000000e+000
0.00000000000000e+000
0.00000000000000e+000
2.22700000000000e+003
0.00000000000000e+000
0.00000000000000e+000
0.00000000000000e+000
2.10000000000000e+001
0.00000000000000e+000
0.00000000000000e+000
0.00000000000000e+000
1.31000000000000e+002
0.00000000000000e+000
0.00000000000000e+000
0.00000000000000e+000
1.96000000000000e+002
0.00000000000000e+000
0.00000000000000e+000
0.00000000000000e+000
1.39500000000000e+003
0.00000000000000e+000
0.00000000000000e+000
0.00000000000000e+000
1.70000000000000e+002
0.00000000000000e+000
0.00000000000000e+000
0.00000000000000e+000
6.60000000000000e+002
0.00000000000000e+000
0.00000000000000e+000
0.00000000000000e+000
1.52800000000000e+003
0.00000000000000e+000
0.00000000000000e+000
0.00000000000000e+000
2.20700000000000e+003
0.00000000000000e+000
0.00000000000000e+000
0.00000000000000e+000
2.22700000000000e+003
0.00000000000000e+000
0.00000000000000e+000
0.00000000000000e+000
1.52300000000000e+003
0.00000000000000e+000
0.00000000000000e+000
0.00000000000000e+000
6.60000000000000e+002
0.00000000000000e+000
0.00000000000000e+000
0.00000000000000e+000
2.50400000000000e+003
0.00000000000000e+000
0.00000000000000e+000
0.00000000000000e+000
1.68400000000000e+003
0.00000000000000e+000
0.00000000000000e+000
0.00000000000000e+000
1.02000000000000e+003
0.00000000000000e+000
0.00000000000000e+000
0.00000000000000e+000
2.57600000000000e+003
0.00000000000000e+000
0.00000000000000e+000
0.00000000000000e+000
2.28700000000000e+003
0.00000000000000e+000
0.00000000000000e+000
0.00000000000000e+000
2.22700000000000e+003
0.00000000000000e+000
0.00000000000000e+000
0.00000000000000e+000
1.16800000000000e+003
0.00000000000000e+000
0.00000000000000e+000
0.00000000000000e+000
7.58000000000000e+002
0.00000000000000e+000
0.00000000000000e+000
0.00000000000000e+000
6.60000000000000e+002
0.00000000000000e+000
0.00000000000000e+000
0.00000000000000e+000
1.95200000000000e+003
0.00000000000000e+000
0.00000000000000e+000
0.00000000000000e+000
1.96000000000000e+002
0.00000000000000e+000
0.00000000000000e+000
0.00000000000000e+000
0.00000000000000e+000
0.00000000000000e+000
0.00000000000000e+000
0.00000000000000e+000
0.00000000000000e+000
0.00000000000000e+000
0.00000000000000e+000
0.00000000000000e+000
0.00000000000000e+000
0.00000000000000e+000
0.00000000000000e+000
0.00000000000000e+000
0.00000000000000e+000
0.00000000000000e+000
0.00000000000000e+000
0.00000000000000e+000
0.00000000000000e+000
0.00000000000000e+000
0.00000000000000e+000
0.00000000000000e+000
0.00000000000000e+000
0.00000000000000e+000
0.00000000000000e+000
0.00000000000000e+000
0.00000000000000e+000
0.00000000000000e+000
0.00000000000000e+000
0.00000000000000e+000
0.00000000000000e+000
0.00000000000000e+000
0.00000000000000e+000
0.00000000000000e+000
0.00000000000000e+000
0.00000000000000e+000
0.00000000000000e+000
0.00000000000000e+000
0.00000000000000e+000
0.00000000000000e+000
0.00000000000000e+000
0.00000000000000e+000
0.00000000000000e+000
0.00000000000000e+000
0.00000000000000e+000
0.00000000000000e+000
0.00000000000000e+000
0.00000000000000e+000
0.00000000000000e+000
0.00000000000000e+000
0.00000000000000e+000
0.00000000000000e+000
0.00000000000000e+000
0.00000000000000e+000
0.00000000000000e+000
0.00000000000000e+000
0.00000000000000e+000
0.00000000000000e+000
0.00000000000000e+000
0.00000000000000e+000
0.00000000000000e+000
0.00000000000000e+000
0.00000000000000e+000
0.00000000000000e+000
0.00000000000000e+000
0.00000000000000e+000
0.00000000000000e+000
0.00000000000000e+000
0.00000000000000e+000
0.00000000000000e+000
0.00000000000000e+000
0.00000000000000e+000
0.00000000000000e+000
0.00000000000000e+000
0.00000000000000e+000
0.00000000000000e+000
0.00000000000000e+000
0.00000000000000e+000
0.00000000000000e+000
0.00000000000000e+000
0.00000000000000e+000
0.00000000000000e+000
0.00000000000000e+000
0.00000000000000e+000
0.00000000000000e+000
0.00000000000000e+000
0.00000000000000e+000
0.00000000000000e+000
0.00000000000000e+000
0.00000000000000e+000
0.00000000000000e+000
0.00000000000000e+000
0.00000000000000e+000
0.00000000000000e+000
0.00000000000000e+000
0.00000000000000e+000
0.00000000000000e+000
0.00000000000000e+000
0.00000000000000e+000
0.00000000000000e+000
0.00000000000000e+000
0.00000000000000e+000
0.00000000000000e+000
0.00000000000000e+000
0.00000000000000e+000
0.00000000000000e+000
0.00000000000000e+000
0.00000000000000e+000
0.00000000000000e+000
0.00000000000000e+000
0.00000000000000e+000
0.00000000000000e+000
0.00000000000000e+000
0.00000000000000e+000
0.00000000000000e+000
0.00000000000000e+000
0.00000000000000e+000
0.00000000000000e+000
0.00000000000000e+000
0.00000000000000e+000
0.00000000000000e+000
0.00000000000000e+000
0.00000000000000e+000
0.00000000000000e+000
0.00000000000000e+000
0.00000000000000e+000
0.00000000000000e+000
0.00000000000000e+000
0.00000000000000e+000
0.00000000000000e+000
0.00000000000000e+000
0.00000000000000e+000
0.00000000000000e+000
0.00000000000000e+000
0.00000000000000e+000
0.00000000000000e+000
0.00000000000000e+000
0.00000000000000e+000
0.00000000000000e+000
0.00000000000000e+000
0.00000000000000e+000
0.00000000000000e+000
0.00000000000000e+000
0.00000000000000e+000
0.00000000000000e+000
0.00000000000000e+000
0.00000000000000e+000
0.00000000000000e+000
0.00000000000000e+000
0.00000000000000e+000
0.00000000000000e+000
0.00000000000000e+000
0.00000000000000e+000
0.00000000000000e+000
0.00000000000000e+000
0.00000000000000e+000
0.00000000000000e+000
0.00000000000000e+000
0.00000000000000e+000
0.00000000000000e+000
0.00000000000000e+000
0.00000000000000e+000
0.00000000000000e+000
0.00000000000000e+000
0.00000000000000e+000
0.00000000000000e+000
0.00000000000000e+000
0.00000000000000e+000
0.00000000000000e+000
0.00000000000000e+000
0.00000000000000e+000
0.00000000000000e+000
0.00000000000000e+000
0.00000000000000e+000
0.00000000000000e+000
0.00000000000000e+000
0.00000000000000e+000
0.00000000000000e+000
0.00000000000000e+000
0.00000000000000e+000
0.00000000000000e+000
0.00000000000000e+000
0.00000000000000e+000
0.00000000000000e+000
0.00000000000000e+000
0.00000000000000e+000
0.00000000000000e+000
0.00000000000000e+000
0.00000000000000e+000
0.00000000000000e+000
0.00000000000000e+000
0.00000000000000e+000
0.00000000000000e+000
0.00000000000000e+000
0.00000000000000e+000
0.00000000000000e+000
0.00000000000000e+000
0.00000000000000e+000
0.00000000000000e+000
0.00000000000000e+000
0.00000000000000e+000
0.00000000000000e+000
0.00000000000000e+000
0.00000000000000e+000
0.00000000000000e+000
0.00000000000000e+000
0.00000000000000e+000
0.00000000000000e+000
0.00000000000000e+000
0.00000000000000e+000
0.00000000000000e+000
0.00000000000000e+000
0.00000000000000e+000
0.00000000000000e+000
0.00000000000000e+000
0.00000000000000e+000
0.00000000000000e+000
0.00000000000000e+000
0.00000000000000e+000
0.00000000000000e+000
0.00000000000000e+000
0.00000000000000e+000
0.00000000000000e+000
0.00000000000000e+000
0.00000000000000e+000
0.00000000000000e+000
0.00000000000000e+000
0.00000000000000e+000
0.00000000000000e+000
0.00000000000000e+000
