Numerator Coefficients =25
1.182091063022800E+000
-1.100125629753508E+000
7.498568883261116E-001
-9.202792322420846E-001
9.597332087501721E-001
-1.180535417974622E+000
1.193546159744309E+000
-1.207535126334169E+000
1.207026505129065E+000
-8.265274754601778E-001
8.324252912515001E-001
-8.264697442686226E-001
8.422089541462986E-001
-6.614989567103647E-001
6.350278579088496E-001
-5.368538827576118E-001
4.880608687462562E-001
-3.400798877453512E-001
3.230154495677995E-001
-1.785185076853691E-001
1.647609716804218E-001
-8.847458381259685E-002
7.960475710443542E-002
-3.615057888013614E-002
1.471619929240282E-002

Denominator Coefficients =1
1
